# Made in Blockbench 4.8.3
mtllib wicked_sword.mtl

o cube
v 0.0625 0.125 0.125
v 0.0625 0.125 -0.0625
v 0.0625 0 0.125
v 0.0625 0 -0.0625
v -0.0625 0.125 -0.0625
v -0.0625 0.125 0.125
v -0.0625 0 -0.0625
v -0.0625 0 0.125
vt 0.453125 0.703125
vt 0.484375 0.703125
vt 0.484375 0.671875
vt 0.453125 0.671875
vt 0.03125 0.609375
vt 0.078125 0.609375
vt 0.078125 0.578125
vt 0.03125 0.578125
vt 0.453125 0.65625
vt 0.484375 0.65625
vt 0.484375 0.625
vt 0.453125 0.625
vt 0.390625 0.90625
vt 0.4375 0.90625
vt 0.4375 0.875
vt 0.390625 0.875
vt 0.4375 0.640625
vt 0.40625 0.640625
vt 0.40625 0.6875
vt 0.4375 0.6875
vt 0.4375 0.625
vt 0.40625 0.625
vt 0.40625 0.578125
vt 0.4375 0.578125
vn 0 0 -1
vn 1 0 0
vn 0 0 1
vn -1 0 0
vn 0 1 0
vn 0 -1 0
usemtl m_597e9c3d-05b4-ddef-54ec-fee458532d5b
f 4/4/1 7/3/1 5/2/1 2/1/1
f 3/8/2 4/7/2 2/6/2 1/5/2
f 8/12/3 3/11/3 1/10/3 6/9/3
f 7/16/4 8/15/4 6/14/4 5/13/4
f 6/20/5 1/19/5 2/18/5 5/17/5
f 7/24/6 4/23/6 3/22/6 8/21/6
o cube
v 0.046875 0.125 -0.0625
v 0.046875 0.004477323183773918 -0.2061333330848084
v 0.046875 0.029244444610127762 0.017848451210817462
v 0.046875 -0.09127823220609843 -0.12578488187399095
v -0.046875 0.004477323183773918 -0.2061333330848084
v -0.046875 0.125 -0.0625
v -0.046875 -0.09127823220609843 -0.12578488187399095
v -0.046875 0.029244444610127762 0.017848451210817462
vt 0.453125 0.609375
vt 0.484375 0.609375
vt 0.484375 0.578125
vt 0.453125 0.578125
vt 0.421875 0.796875
vt 0.46875 0.796875
vt 0.46875 0.765625
vt 0.421875 0.765625
vt 0.46875 1
vt 0.5 1
vt 0.5 0.96875
vt 0.46875 0.96875
vt 0.421875 0.75
vt 0.46875 0.75
vt 0.46875 0.71875
vt 0.421875 0.71875
vt 0.0625 0.515625
vt 0.03125 0.515625
vt 0.03125 0.5625
vt 0.0625 0.5625
vt 0.171875 0.5625
vt 0.140625 0.5625
vt 0.140625 0.515625
vt 0.171875 0.515625
vn 0 -0.6427876096865394 -0.7660444431189781
vn 1 0 0
vn 0 0.6427876096865394 0.7660444431189781
vn -1 0 0
vn 0 0.7660444431189781 -0.6427876096865394
vn 0 -0.7660444431189781 0.6427876096865394
usemtl m_597e9c3d-05b4-ddef-54ec-fee458532d5b
f 12/28/7 15/27/7 13/26/7 10/25/7
f 11/32/8 12/31/8 10/30/8 9/29/8
f 16/36/9 11/35/9 9/34/9 14/33/9
f 15/40/10 16/39/10 14/38/10 13/37/10
f 14/44/11 9/43/11 10/42/11 13/41/11
f 15/48/12 12/47/12 11/46/12 16/45/12
o cube
v 0.032031249999999956 0.22075555538987224 -0.14284845121081746
v 0.032031249999999956 0.10023287857364616 -0.2864817842956258
v 0.032031249999999956 0.125 -0.0625
v 0.032031249999999956 0.004477323183773918 -0.2061333330848084
v -0.03203125000000001 0.10023287857364616 -0.2864817842956258
v -0.03203125000000001 0.22075555538987224 -0.14284845121081746
v -0.03203125000000001 0.004477323183773918 -0.2061333330848084
v -0.03203125000000001 0.125 -0.0625
vt 0.46875 0.484375
vt 0.484375 0.484375
vt 0.484375 0.453125
vt 0.46875 0.453125
vt 0.28125 0.5625
vt 0.328125 0.5625
vt 0.328125 0.53125
vt 0.28125 0.53125
vt 0.53125 0.90625
vt 0.546875 0.90625
vt 0.546875 0.875
vt 0.53125 0.875
vt 0.34375 0.5625
vt 0.390625 0.5625
vt 0.390625 0.53125
vt 0.34375 0.53125
vt 0.171875 0.453125
vt 0.15625 0.453125
vt 0.15625 0.5
vt 0.171875 0.5
vn 0 -0.6427876096865394 -0.7660444431189781
vn 1 0 0
vn 0 0.6427876096865394 0.7660444431189781
vn -1 0 0
vn 0 0.7660444431189781 -0.6427876096865394
usemtl m_597e9c3d-05b4-ddef-54ec-fee458532d5b
f 20/52/13 23/51/13 21/50/13 18/49/13
f 19/56/14 20/55/14 18/54/14 17/53/14
f 24/60/15 19/59/15 17/58/15 22/57/15
f 23/64/16 24/63/16 22/62/16 21/61/16
f 22/68/17 17/67/17 18/66/17 21/65/17
o cube
v 0.03125 1.173880555389872 -0.03347345121081746
v 0.03125 1.173880555389872 -0.14284845121081746
v 0.03125 0.11138055538987224 -0.03347345121081746
v 0.03125 0.11138055538987224 -0.14284845121081746
v -0.03125 1.173880555389872 -0.14284845121081746
v -0.03125 1.173880555389872 -0.03347345121081746
v -0.03125 0.11138055538987224 -0.14284845121081746
v -0.03125 0.11138055538987224 -0.03347345121081746
vt 0.1875 1
vt 0.203125 1
vt 0.203125 0.734375
vt 0.1875 0.734375
vt 0 1
vt 0.03125 1
vt 0.03125 0.734375
vt 0 0.734375
vt 0.21875 1
vt 0.234375 1
vt 0.234375 0.734375
vt 0.21875 0.734375
vt 0.046875 1
vt 0.078125 1
vt 0.078125 0.734375
vt 0.046875 0.734375
vt 0.234375 0.4375
vt 0.21875 0.4375
vt 0.21875 0.46875
vt 0.234375 0.46875
vt 0.328125 0.46875
vt 0.3125 0.46875
vt 0.3125 0.4375
vt 0.328125 0.4375
vn 0 0 -1
vn 1 0 0
vn 0 0 1
vn -1 0 0
vn 0 1 0
vn 0 -1 0
usemtl m_597e9c3d-05b4-ddef-54ec-fee458532d5b
f 28/72/18 31/71/18 29/70/18 26/69/18
f 27/76/19 28/75/19 26/74/19 25/73/19
f 32/80/20 27/79/20 25/78/20 30/77/20
f 31/84/21 32/83/21 30/82/21 29/81/21
f 30/88/22 25/87/22 26/86/22 29/85/22
f 31/92/23 28/91/23 27/90/23 32/89/23
o cube
v 0.03125 1.1738805553898717 0.10715154878918254
v 0.03125 1.1738805553898717 -0.002223451210817462
v 0.03125 0.29888055538987257 0.10715154878918254
v 0.03125 0.29888055538987257 -0.002223451210817462
v -0.03125 1.1738805553898717 -0.002223451210817462
v -0.03125 1.1738805553898717 0.10715154878918254
v -0.03125 0.29888055538987257 -0.002223451210817462
v -0.03125 0.29888055538987257 0.10715154878918254
vt 0.25 1
vt 0.265625 1
vt 0.265625 0.78125
vt 0.25 0.78125
vt 0.09375 1
vt 0.125 1
vt 0.125 0.78125
vt 0.09375 0.78125
vt 0.25 0.765625
vt 0.265625 0.765625
vt 0.265625 0.546875
vt 0.25 0.546875
vt 0.140625 1
vt 0.171875 1
vt 0.171875 0.78125
vt 0.140625 0.78125
vt 0.546875 0.5625
vt 0.53125 0.5625
vt 0.53125 0.59375
vt 0.546875 0.59375
vn 0 0 -1
vn 1 0 0
vn 0 0 1
vn -1 0 0
vn 0 1 0
usemtl m_597e9c3d-05b4-ddef-54ec-fee458532d5b
f 36/96/24 39/95/24 37/94/24 34/93/24
f 35/100/25 36/99/25 34/98/25 33/97/25
f 40/104/26 35/103/26 33/102/26 38/101/26
f 39/108/27 40/107/27 38/106/27 37/105/27
f 38/112/28 33/111/28 34/110/28 37/109/28
o cube
v 0.0625 0.4740516941245032 0.12145441799621914
v 0.0625 0.41317805270441177 -0.1531288340062621
v 0.0625 0.3520146932345115 0.14850936973848206
v 0.0625 0.29114105181442007 -0.12607388226399918
v -0.0625 0.41317805270441177 -0.1531288340062621
v -0.0625 0.4740516941245032 0.12145441799621914
v -0.0625 0.29114105181442007 -0.12607388226399918
v -0.0625 0.3520146932345115 0.14850936973848206
vt 0.3125 0.515625
vt 0.34375 0.515625
vt 0.34375 0.484375
vt 0.3125 0.484375
vt 0.28125 0.828125
vt 0.359375 0.828125
vt 0.359375 0.796875
vt 0.28125 0.796875
vt 0.359375 0.515625
vt 0.390625 0.515625
vt 0.390625 0.484375
vt 0.359375 0.484375
vt 0.28125 0.78125
vt 0.359375 0.78125
vt 0.359375 0.75
vt 0.28125 0.75
vt 0.21875 0.640625
vt 0.1875 0.640625
vt 0.1875 0.71875
vt 0.21875 0.71875
vt 0.3125 0.734375
vt 0.28125 0.734375
vt 0.28125 0.65625
vt 0.3125 0.65625
vn 0 -0.21643961393810288 -0.9762960071199334
vn 1 0 0
vn 0 0.21643961393810288 0.9762960071199334
vn -1 0 0
vn 0 0.9762960071199334 -0.21643961393810288
vn 0 -0.9762960071199334 0.21643961393810288
usemtl m_597e9c3d-05b4-ddef-54ec-fee458532d5b
f 44/116/29 47/115/29 45/114/29 42/113/29
f 43/120/30 44/119/30 42/118/30 41/117/30
f 48/124/31 43/123/31 41/122/31 46/121/31
f 47/128/32 48/127/32 46/126/32 45/125/32
f 46/132/33 41/131/33 42/130/33 45/129/33
f 47/136/34 44/135/34 43/134/34 48/133/34
o cube
v 0.0625 0.6638709333950565 0.11138124060532284
v 0.0625 0.5962335540393993 -0.19371126161965635
v 0.0625 0.5418339325050647 0.13843619234758564
v 0.0625 0.4741965531494077 -0.1666563098773935
v -0.0625 0.5962335540393993 -0.19371126161965635
v -0.0625 0.6638709333950565 0.11138124060532284
v -0.0625 0.4741965531494077 -0.1666563098773935
v -0.0625 0.5418339325050647 0.13843619234758564
vt 0.03125 0.5
vt 0.0625 0.5
vt 0.0625 0.46875
vt 0.03125 0.46875
vt 0.328125 1
vt 0.40625 1
vt 0.40625 0.96875
vt 0.328125 0.96875
vt 0.5 0.953125
vt 0.53125 0.953125
vt 0.53125 0.921875
vt 0.5 0.921875
vt 0.328125 0.953125
vt 0.40625 0.953125
vt 0.40625 0.921875
vt 0.328125 0.921875
vt 0.359375 0.65625
vt 0.328125 0.65625
vt 0.328125 0.734375
vt 0.359375 0.734375
vt 0.125 0.640625
vt 0.09375 0.640625
vt 0.09375 0.5625
vt 0.125 0.5625
vn 0 -0.21643961393810288 -0.9762960071199334
vn 1 0 0
vn 0 0.21643961393810288 0.9762960071199334
vn -1 0 0
vn 0 0.9762960071199334 -0.21643961393810288
vn 0 -0.9762960071199334 0.21643961393810288
usemtl m_597e9c3d-05b4-ddef-54ec-fee458532d5b
f 52/140/35 55/139/35 53/138/35 50/137/35
f 51/144/36 52/143/36 50/142/36 49/141/36
f 56/148/37 51/147/37 49/146/37 54/145/37
f 55/152/38 56/151/38 54/150/38 53/149/38
f 54/156/39 49/155/39 50/154/39 53/153/39
f 55/160/40 52/159/40 51/158/40 56/157/40
o cube
v 0.03125 0.29888055538987246 0.10715154878918254
v 0.03125 0.29888055538987246 -0.03347345121081746
v 0.03125 0.11138055538987235 0.10715154878918254
v 0.03125 0.11138055538987235 -0.03347345121081746
v -0.03125 0.29888055538987246 -0.03347345121081746
v -0.03125 0.29888055538987246 0.10715154878918254
v -0.03125 0.11138055538987235 -0.03347345121081746
v -0.03125 0.11138055538987235 0.10715154878918254
vt 0.453125 0.9375
vt 0.484375 0.9375
vt 0.484375 0.890625
vt 0.453125 0.890625
vt 0.5 0.59375
vt 0.515625 0.59375
vt 0.515625 0.546875
vt 0.5 0.546875
vt 0.078125 0.546875
vt 0.109375 0.546875
vt 0.109375 0.5
vt 0.078125 0.5
vt 0.515625 0.4375
vt 0.5 0.4375
vt 0.5 0.46875
vt 0.515625 0.46875
vn 1 0 0
vn 0 0 1
vn -1 0 0
vn 0 1 0
usemtl m_597e9c3d-05b4-ddef-54ec-fee458532d5b
f 59/164/41 60/163/41 58/162/41 57/161/41
f 64/168/42 59/167/42 57/166/42 62/165/42
f 63/172/43 64/171/43 62/170/43 61/169/43
f 62/176/44 57/175/44 58/174/44 61/173/44
o cube
v 0.03125 0 0.0625
v 0.03125 0 -0.0625
v 0.03125 -0.25 0.0625
v 0.03125 -0.25 -0.0625
v -0.03125 0 -0.0625
v -0.03125 0 0.0625
v -0.03125 -0.25 -0.0625
v -0.03125 -0.25 0.0625
vt 0.21875 0.546875
vt 0.234375 0.546875
vt 0.234375 0.484375
vt 0.21875 0.484375
vt 0.140625 0.640625
vt 0.171875 0.640625
vt 0.171875 0.578125
vt 0.140625 0.578125
vt 0.46875 0.875
vt 0.484375 0.875
vt 0.484375 0.8125
vt 0.46875 0.8125
vt 0.28125 0.640625
vt 0.3125 0.640625
vt 0.3125 0.578125
vt 0.28125 0.578125
vt 0.53125 1
vt 0.515625 1
vt 0.515625 0.96875
vt 0.53125 0.96875
vn 0 0 -1
vn 1 0 0
vn 0 0 1
vn -1 0 0
vn 0 -1 0
usemtl m_597e9c3d-05b4-ddef-54ec-fee458532d5b
f 68/180/45 71/179/45 69/178/45 66/177/45
f 67/184/46 68/183/46 66/182/46 65/181/46
f 72/188/47 67/187/47 65/186/47 70/185/47
f 71/192/48 72/191/48 70/190/48 69/189/48
f 71/196/49 68/195/49 67/194/49 72/193/49
o cube
v 0.03125 -0.22294504825773714 0.0595370008899917
v 0.03125 -0.25 -0.0625
v 0.03125 -0.40600054959272464 0.10011942850338595
v 0.03125 -0.4330555013349875 -0.021917572386605744
v -0.03125 -0.25 -0.0625
v -0.03125 -0.22294504825773714 0.0595370008899917
v -0.03125 -0.4330555013349875 -0.021917572386605744
v -0.03125 -0.40600054959272464 0.10011942850338595
vt 0.5 0.90625
vt 0.515625 0.90625
vt 0.515625 0.859375
vt 0.5 0.859375
vt 0.421875 1
vt 0.453125 1
vt 0.453125 0.953125
vt 0.421875 0.953125
vt 0.125 0.5
vt 0.140625 0.5
vt 0.140625 0.453125
vt 0.125 0.453125
vt 0.421875 0.859375
vt 0.453125 0.859375
vt 0.453125 0.8125
vt 0.421875 0.8125
vt 0.09375 0.453125
vt 0.078125 0.453125
vt 0.078125 0.484375
vt 0.09375 0.484375
vt 0.53125 0.796875
vt 0.515625 0.796875
vt 0.515625 0.765625
vt 0.53125 0.765625
vn 0 -0.21643961393810288 -0.9762960071199334
vn 1 0 0
vn 0 0.21643961393810288 0.9762960071199334
vn -1 0 0
vn 0 0.9762960071199334 -0.21643961393810288
vn 0 -0.9762960071199334 0.21643961393810288
usemtl m_597e9c3d-05b4-ddef-54ec-fee458532d5b
f 76/200/50 79/199/50 77/198/50 74/197/50
f 75/204/51 76/203/51 74/202/51 73/201/51
f 80/208/52 75/207/52 73/206/52 78/205/52
f 79/212/53 80/211/53 78/210/53 77/209/53
f 78/216/54 73/215/54 74/214/54 77/213/54
f 79/220/55 76/219/55 75/218/55 80/217/55
o cube
v 0.03125 1.524190693337129 0.029982963399991625
v 0.03125 1.5431834627694494 -0.07773038458571857
v 0.03125 1.1548877859575513 -0.03513510322510721
v 0.03125 1.1738805553898717 -0.14284845121081746
v -0.03125 1.5431834627694494 -0.07773038458571857
v -0.03125 1.524190693337129 0.029982963399991625
v -0.03125 1.1738805553898717 -0.14284845121081746
v -0.03125 1.1548877859575513 -0.03513510322510721
vt 0.40625 0.5625
vt 0.421875 0.5625
vt 0.421875 0.46875
vt 0.40625 0.46875
vt 0 0.71875
vt 0.03125 0.71875
vt 0.03125 0.625
vt 0 0.625
vt 0.4375 0.5625
vt 0.453125 0.5625
vt 0.453125 0.46875
vt 0.4375 0.46875
vt 0.28125 1
vt 0.3125 1
vt 0.3125 0.90625
vt 0.28125 0.90625
vt 0.546875 0.65625
vt 0.53125 0.65625
vt 0.53125 0.6875
vt 0.546875 0.6875
vt 0.359375 0.46875
vt 0.34375 0.46875
vt 0.34375 0.4375
vt 0.359375 0.4375
vn 0 0.17364817766693033 -0.984807753012208
vn 1 0 0
vn 0 -0.17364817766693033 0.984807753012208
vn -1 0 0
vn 0 0.984807753012208 0.17364817766693033
vn 0 -0.984807753012208 -0.17364817766693033
usemtl m_597e9c3d-05b4-ddef-54ec-fee458532d5b
f 84/224/56 87/223/56 85/222/56 82/221/56
f 83/228/57 84/227/57 82/226/57 81/225/57
f 88/232/58 83/231/58 81/230/58 86/229/58
f 87/236/59 88/235/59 86/234/59 85/233/59
f 86/240/60 81/239/60 82/238/60 85/237/60
f 87/244/61 84/243/61 83/242/61 88/241/61
o cube
v 0.03125 1.5918962263567185 0.18254627561459325
v 0.03125 1.6108889957890389 0.07483292762888294
v 0.03125 1.1548877859575513 0.10548989677489284
v 0.03125 1.1738805553898717 -0.002223451210817462
v -0.03125 1.6108889957890389 0.07483292762888294
v -0.03125 1.5918962263567185 0.18254627561459325
v -0.03125 1.1738805553898717 -0.002223451210817462
v -0.03125 1.1548877859575513 0.10548989677489284
vt 0.375 0.6875
vt 0.390625 0.6875
vt 0.390625 0.578125
vt 0.375 0.578125
vt 0.09375 0.765625
vt 0.125 0.765625
vt 0.125 0.65625
vt 0.09375 0.65625
vt 0 0.609375
vt 0.015625 0.609375
vt 0.015625 0.5
vt 0 0.5
vt 0.140625 0.765625
vt 0.171875 0.765625
vt 0.171875 0.65625
vt 0.140625 0.65625
vt 0.546875 0.609375
vt 0.53125 0.609375
vt 0.53125 0.640625
vt 0.546875 0.640625
vt 0.390625 0.46875
vt 0.375 0.46875
vt 0.375 0.4375
vt 0.390625 0.4375
vn 0 0.17364817766693033 -0.984807753012208
vn 1 0 0
vn 0 -0.17364817766693033 0.984807753012208
vn -1 0 0
vn 0 0.984807753012208 0.17364817766693033
vn 0 -0.984807753012208 -0.17364817766693033
usemtl m_597e9c3d-05b4-ddef-54ec-fee458532d5b
f 92/248/62 95/247/62 93/246/62 90/245/62
f 91/252/63 92/251/63 90/250/63 89/249/63
f 96/256/64 91/255/64 89/254/64 94/253/64
f 95/260/65 96/259/65 94/258/65 93/257/65
f 94/264/66 89/263/66 90/262/66 93/261/66
f 95/268/67 92/267/67 91/266/67 96/265/67
o cuboid
v 0.034375 1.7694406948908286 0.17143456914010607
v 0.034375 1.5436746630848315 -0.07820660235925514
v 0.034375 1.5966322162135995 0.18395499034954305
v 0.034375 1.4719776085409508 0.024187403176868794
v -0.034375 1.7694406948908286 0.17143456914010607
v -0.034375 1.5436746630848315 -0.07820660235925514
v -0.034375 1.5966322162135995 0.18395499034954305
v -0.034375 1.4719776085409508 0.024187403176868794
vt 0.37019841344769433 0.890625
vt 0.28605158655230567 0.890625
vt 0.31270787384138016 0.856483192035463
vt 0.3632351384007524 0.8601606716696292
vt 0.046875 0.6612594603936859
vt 0.078125 0.6346031731046113
vt 0.078125 0.71875
vt 0.050552479634166175 0.7117867249530581
vt 0.1875 0.46875
vt 0.203125 0.46875
vt 0.203125 0.546875
vt 0.1875 0.546875
vt 0.5 0.53125
vt 0.5 0.484375
vt 0.515625 0.484375
vt 0.515625 0.53125
vt 0.015625 0.4375
vt 0.015625 0.484375
vt 0 0.484375
vt 0 0.4375
vt 0.5625 1
vt 0.546875 1
vt 0.546875 0.96875
vt 0.5625 0.96875
vn 1 0 0
vn -1 0 0
vn 0 0.741683259814762 -0.6707502829746315
vn 0 -0.7884164094217331 0.6151419066805172
vn 0 0.07226316621766722 0.9973855998600532
vn 0 -0.8191520442889917 -0.5735764363510463
usemtl m_597e9c3d-05b4-ddef-54ec-fee458532d5b
f 98/269/68 97/270/68 99/271/68 100/272/68
f 103/273/69 101/274/69 102/275/69 104/276/69
f 101/277/70 97/278/70 98/279/70 102/280/70
f 100/281/71 99/282/71 103/283/71 104/284/71
f 99/285/72 97/286/72 101/287/72 103/288/72
f 102/289/73 98/290/73 100/291/73 104/292/73
o cube
v -0.016820355836405232 0.09773786523691785 -0.2652477305536724
v -0.03125 0.0799203785736462 -0.2864817842956259
v -0.016820355836405232 -0.09377324554282651 -0.10455082813203748
v -0.031250000000000056 -0.11159073220609822 -0.12578488187399095
v -0.14212635414727776 0.11702116449582389 -0.24226678938480195
v -0.12769670998368293 0.13483865115909566 -0.22103273564284842
v -0.14212635414727776 -0.07448994628392047 -0.08156988696316703
v -0.12769670998368293 -0.05667245962064876 -0.0603358332212135
vt 0.328125 0.640625
vt 0.359375 0.640625
vt 0.359375 0.578125
vt 0.328125 0.578125
vt 0.25 0.53125
vt 0.265625 0.53125
vt 0.265625 0.46875
vt 0.25 0.46875
vt 0.375 0.84375
vt 0.40625 0.84375
vt 0.40625 0.78125
vt 0.375 0.78125
vt 0.46875 0.5625
vt 0.484375 0.5625
vt 0.484375 0.5
vt 0.46875 0.5
vt 0.546875 0.734375
vt 0.515625 0.734375
vt 0.515625 0.75
vt 0.546875 0.75
vt 0.5625 0.859375
vt 0.53125 0.859375
vt 0.53125 0.84375
vt 0.5625 0.84375
vn -0.46174861323503386 -0.5701595732246951 -0.6794897197425113
vn 0.8870108331782218 -0.296806287377422 -0.35371995928659183
vn 0.46174861323503386 0.5701595732246951 0.6794897197425113
vn -0.8870108331782218 0.296806287377422 0.35371995928659183
vn 5.551115123125784e-17 0.7660444431189779 -0.6427876096865398
vn -5.551115123125784e-17 -0.7660444431189779 0.6427876096865398
usemtl m_597e9c3d-05b4-ddef-54ec-fee458532d5b
f 108/296/74 111/295/74 109/294/74 106/293/74
f 107/300/75 108/299/75 106/298/75 105/297/75
f 112/304/76 107/303/76 105/302/76 110/301/76
f 111/308/77 112/307/77 110/306/77 109/305/77
f 110/312/78 105/311/78 106/310/78 109/309/78
f 111/316/79 108/315/79 107/314/79 112/313/79
o cube
v 0.127696709983683 0.13483865115909566 -0.22103273564284842
v 0.1421263541472777 0.11702116449582389 -0.24226678938480195
v 0.127696709983683 -0.05667245962064876 -0.0603358332212135
v 0.1421263541472777 -0.07448994628392047 -0.08156988696316703
v 0.03125 0.0799203785736462 -0.2864817842956259
v 0.016820355836405176 0.09773786523691785 -0.2652477305536724
v 0.03125 -0.11159073220609822 -0.12578488187399095
v 0.016820355836405176 -0.09377324554282651 -0.10455082813203748
vt 0.1875 0.625
vt 0.21875 0.625
vt 0.21875 0.5625
vt 0.1875 0.5625
vt 0.484375 0.796875
vt 0.5 0.796875
vt 0.5 0.734375
vt 0.484375 0.734375
vt 0.375 0.765625
vt 0.40625 0.765625
vt 0.40625 0.703125
vt 0.375 0.703125
vt 0.28125 0.515625
vt 0.296875 0.515625
vt 0.296875 0.453125
vt 0.28125 0.453125
vt 0.5625 0.8125
vt 0.53125 0.8125
vt 0.53125 0.828125
vt 0.5625 0.828125
vt 0.5625 0.71875
vt 0.53125 0.71875
vt 0.53125 0.703125
vt 0.5625 0.703125
vn 0.46174861323503386 -0.5701595732246951 -0.6794897197425113
vn 0.8870108331782218 0.296806287377422 0.35371995928659183
vn -0.46174861323503386 0.5701595732246951 0.6794897197425113
vn -0.8870108331782218 -0.296806287377422 -0.35371995928659183
vn -5.551115123125784e-17 0.7660444431189779 -0.6427876096865398
vn 5.551115123125784e-17 -0.7660444431189779 0.6427876096865398
usemtl m_597e9c3d-05b4-ddef-54ec-fee458532d5b
f 116/320/80 119/319/80 117/318/80 114/317/80
f 115/324/81 116/323/81 114/322/81 113/321/81
f 120/328/82 115/327/82 113/326/82 118/325/82
f 119/332/83 120/331/83 118/330/83 117/329/83
f 118/336/84 113/335/84 114/334/84 117/333/84
f 119/340/85 116/339/85 115/338/85 120/337/85